"","scientificName","sample.outlier.mass","sample.mass","sample.outlier.total.length","sample.total.length","sample.outlier.forearm.length","sample.forearm.length","sample.outlier.hindfoot.length","sample.hindfoot.length","sample.outlier.ear.length","sample.ear.length","sample.outlier.tail.length","sample.tail.length"
"1","Abrothrix olivaceus",0,21,0,21,0,21,0,21,0,21,0,21
"2","Aepyceros melampus",0,87,0,87,0,87,0,87,0,87,0,87
"3","Aethomys hindei",0,25,0,25,0,25,0,25,1,24,0,25
"4","Akodon aerosus",0,29,0,29,0,29,0,29,1,28,1,28
"5","Akodon albiventer",0,17,0,17,0,17,0,17,0,17,0,17
"6","Akodon boliviensis",1,28,0,29,0,29,0,29,1,28,1,28
"7","Akodon dayi",1,36,0,37,0,37,1,36,3,34,1,36
"8","Akodon dolores",0,17,0,17,0,17,0,17,0,17,0,17
"9","Akodon fumeus",0,28,0,28,0,28,0,28,1,27,1,27
"10","Akodon mimus",2,52,0,54,0,54,2,52,1,53,2,52
"11","Akodon montensis",0,23,0,23,0,23,0,23,1,22,1,22
"12","Akodon puer",0,15,0,15,0,15,0,15,1,14,1,14
"13","Akodon simulator",1,34,0,35,0,35,1,34,1,34,0,35
"14","Akodon toba",0,12,0,12,0,12,0,12,0,12,0,12
"15","Akodon tucumanensis",0,22,0,22,0,22,0,22,0,22,0,22
"16","Alcelaphus buselaphus",0,19,0,19,0,19,0,19,0,19,0,19
"17","Alopex lagopus",3,35,0,38,0,38,4,34,3,35,3,35
"18","Ametrida centurio",0,15,0,15,0,15,0,15,0,15,0,15
"19","Anoura geoffroyi",1,52,0,53,0,53,3,50,0,53,0,53
"20","Antechinus stuartii",0,10,0,10,0,10,0,10,0,10,0,10
"21","Antrozous pallidus",2,89,0,91,0,91,1,90,6,85,1,90
"22","Aplodontia rufa",1,111,0,112,0,112,3,109,2,110,0,112
"23","Apodemus draco",0,19,0,19,0,19,1,18,1,18,0,19
"24","Apodemus sylvaticus",0,18,0,18,0,18,0,18,0,18,0,18
"25","Apomys datae",1,21,0,22,0,22,1,21,1,21,0,22
"26","Apomys insignis",0,24,0,24,0,24,0,24,1,23,0,24
"27","Apomys microdon",1,19,0,20,0,20,1,19,1,19,0,20
"28","Arborimus albipes",1,102,0,103,0,103,3,100,1,102,0,103
"29","Arborimus longicaudus",1,71,0,72,0,72,1,71,1,71,1,71
"30","Artibeus (Artibeus)",0,25,0,25,0,25,1,24,0,25,0,25
"31","Artibeus (Dermanura)",0,26,0,26,0,26,1,25,0,26,0,26
"32","Artibeus anderseni",0,33,0,33,0,33,1,32,0,33,0,33
"33","Artibeus concolor",0,14,0,14,0,14,0,14,0,14,0,14
"34","Artibeus gnomus",1,21,0,22,0,22,0,22,0,22,0,22
"35","Artibeus intermedius",1,14,0,15,0,15,0,15,0,15,0,15
"36","Artibeus jamaicensis",9,251,0,260,1,259,10,250,8,252,1,259
"37","Artibeus lituratus",11,246,0,257,1,256,7,250,8,249,1,256
"38","Artibeus obscurus",2,72,0,74,1,73,2,72,2,72,0,74
"39","Artibeus phaeotis",2,53,0,55,0,55,1,54,1,54,0,55
"40","Artibeus planirostris",1,60,0,61,0,61,2,59,3,58,0,61
"41","Artibeus toltecus",1,54,0,55,0,55,1,54,1,54,1,54
"42","Artibeus watsoni",0,28,0,28,0,28,1,27,1,27,0,28
"43","Baiomys musculus",2,36,0,38,0,38,0,38,1,37,2,36
"44","Baiomys taylori",0,17,0,17,0,17,1,16,0,17,0,17
"45","Balantiopteryx plicata",1,56,0,57,0,57,2,55,1,56,1,56
"46","Bassariscus astutus",0,12,0,12,0,12,0,12,0,12,1,11
"47","Batomys salomonseni",0,10,0,10,0,10,0,10,0,10,0,10
"48","Blarina brevicauda",2,534,0,536,0,536,4,532,3,533,1,535
"49","Blarina carolinensis",2,120,0,122,0,122,0,122,5,117,2,120
"50","Blarina hylophaga",3,146,0,149,0,149,3,146,3,146,2,147
"51","Callorhinus ursinus",1,15,0,16,0,16,0,16,0,16,0,16
"52","Calomys boliviae",0,13,0,13,0,13,0,13,0,13,0,13
"53","Calomys callosus",2,103,0,105,0,105,0,105,1,104,1,104
"54","Calomys musculinus",0,13,0,13,0,13,0,13,0,13,0,13
"55","Canis latrans",1,236,0,237,0,237,0,237,7,230,0,237
"56","Canis lupus",0,394,0,394,0,394,0,394,0,394,0,394
"57","Cardioderma cor",0,56,0,56,0,56,3,53,3,53,3,53
"58","Carollia brevicauda",1,67,0,68,0,68,2,66,2,66,1,67
"59","Carollia castanea",0,21,0,21,0,21,0,21,0,21,1,20
"60","Carollia sowelii",1,26,0,27,0,27,1,26,0,27,1,26
"61","Carollia subrufa",0,14,0,14,0,14,0,14,0,14,0,14
"62","Castor canadensis",0,61,0,61,0,61,1,60,0,61,0,61
"63","Catagonus wagneri",2,17,0,19,0,19,0,19,0,19,0,19
"64","Centurio senex",0,16,0,16,0,16,1,15,0,16,0,16
"65","Chaerephon jobensis",0,13,0,13,0,13,0,13,0,13,0,13
"66","Chaerephon pumilus",0,197,0,197,0,197,0,197,2,195,1,196
"67","Chaetodipus baileyi",0,64,0,64,0,64,3,61,1,63,2,62
"68","Chaetodipus californicus",0,83,0,83,0,83,4,79,2,81,5,78
"69","Chaetodipus fallax",0,72,0,72,0,72,1,71,2,70,2,70
"70","Chaetodipus formosus",1,128,0,129,0,129,4,125,1,128,5,124
"71","Chaetodipus penicillatus",0,83,0,83,0,83,1,82,1,82,1,82
"72","Chalinolobus gouldii",0,13,0,13,0,13,0,13,0,13,0,13
"73","Chalinolobus nigrogriseus",0,17,0,17,0,17,0,17,0,17,0,17
"74","Chiroderma salvini",0,20,0,20,0,20,0,20,0,20,0,20
"75","Chiroderma villosum",0,24,0,24,0,24,0,24,0,24,0,24
"76","Chrysochloris asiatica",1,11,0,12,0,12,0,12,0,12,0,12
"77","Clethrionomys gapperi",7,450,0,457,0,457,4,453,3,454,4,453
"78","Clethrionomys rutilus",0,77,0,77,0,77,0,77,0,77,0,77
"79","Condylura cristata",0,34,0,34,0,34,0,34,0,34,2,32
"80","Corynorhinus rafinesquii",0,10,0,10,0,10,0,10,0,10,0,10
"81","Corynorhinus townsendii",1,88,0,89,0,89,3,86,3,86,2,87
"82","Cratogeomys castanops",0,54,0,54,0,54,1,53,1,53,1,53
"83","Crocidura batakorum",0,12,0,12,0,12,0,12,0,12,0,12
"84","Crocidura beatus",1,52,0,53,0,53,0,53,1,52,1,52
"85","Crocidura grayi",1,40,0,41,0,41,1,40,1,40,0,41
"86","Crocidura negrina",0,12,0,12,0,12,0,12,0,12,0,12
"87","Cryptotis magnus",0,19,0,19,0,19,0,19,0,19,1,18
"88","Cryptotis mexicanus",0,11,0,11,0,11,0,11,0,11,0,11
"89","Cryptotis nigrescens",4,83,0,87,0,87,1,86,2,85,1,86
"90","Cryptotis parva",1,129,0,130,0,130,1,129,1,129,2,128
"91","Cryptotis parvus",1,89,0,90,0,90,1,89,0,90,4,86
"92","Ctenodactylus gundi",0,21,0,21,0,21,1,20,0,21,1,20
"93","Ctenomys opimus",0,11,0,11,0,11,0,11,0,11,0,11
"94","Cuniculus paca",0,13,0,13,0,13,0,13,0,13,0,13
"95","Cynomys gunnisoni",0,62,0,62,0,62,1,61,0,62,1,61
"96","Cynomys leucurus",0,25,0,25,0,25,0,25,0,25,0,25
"97","Cynomys ludovicianus",0,60,0,60,0,60,3,57,0,60,0,60
"98","Cynopterus brachyotis",11,290,0,301,1,300,7,294,9,292,5,296
"99","Dasypus novemcinctus",0,14,0,14,0,14,1,13,0,14,0,14
"100","Delphinus capensis",0,156,0,156,0,156,0,156,0,156,0,156
"101","Delphinus delphis",1,147,0,148,0,148,0,148,0,148,0,148
"102","Desmodus rotundus",4,147,0,151,1,150,3,148,0,151,3,148
"103","Dicrostonyx groenlandicus",4,355,0,359,0,359,3,356,2,357,4,355
"104","Didelphis marsupialis",0,25,0,25,0,25,0,25,0,25,0,25
"105","Didelphis virginiana",0,96,0,96,0,96,1,95,1,95,1,95
"106","Dipodomys agilis",0,649,0,649,0,649,12,637,11,638,1,648
"107","Dipodomys californicus",0,22,0,22,0,22,0,22,0,22,0,22
"108","Dipodomys deserti",0,44,0,44,0,44,1,43,1,43,0,44
"109","Dipodomys heermanni",0,172,0,172,0,172,3,169,4,168,1,171
"110","Dipodomys ingens",0,33,0,33,0,33,0,33,0,33,1,32
"111","Dipodomys merriami",2,807,0,809,0,809,12,797,6,803,18,791
"112","Dipodomys microps",2,90,0,92,0,92,1,91,0,92,4,88
"113","Dipodomys nitratoides",0,28,0,28,0,28,1,27,1,27,1,27
"114","Dipodomys ordii",1,559,0,560,0,560,4,556,9,551,7,553
"115","Dipodomys panamintinus",0,352,0,352,0,352,8,344,6,346,11,341
"116","Dipodomys stephensi",0,213,0,213,0,213,1,212,1,212,6,207
"117","Dipodomys venustus",0,41,0,41,0,41,0,41,0,41,0,41
"118","Dobsonia moluccensis",0,13,0,13,0,13,0,13,1,12,0,13
"119","Dromiciops gliroides",0,18,0,18,0,18,0,18,1,17,1,17
"120","Elephantulus intufi",0,12,0,12,0,12,0,12,0,12,0,12
"121","Elephantulus rufescens",0,46,0,46,0,46,1,45,1,45,2,44
"122","Eligmodontia puerulus",1,10,0,11,0,11,0,11,0,11,0,11
"123","Eligmodontia typus",0,11,0,11,0,11,0,11,0,11,0,11
"124","Emballonura alecto",1,13,0,14,0,14,0,14,0,14,0,14
"125","Enhydra lutris",0,435,0,435,0,435,0,435,1,434,0,435
"126","Eonycteris robusta",0,24,0,24,0,24,0,24,0,24,0,24
"127","Epomophorus wahlbergi",0,22,0,22,0,22,0,22,1,21,0,22
"128","Eptesicus furinalis",0,12,0,12,0,12,0,12,0,12,0,12
"129","Eptesicus fuscus",2,498,0,500,0,500,2,498,5,495,17,483
"130","Eptesicus gobiensis",0,12,0,12,1,11,0,12,0,12,1,11
"131","Erethizon dorsatum",0,45,0,45,0,45,1,44,0,45,1,44
"132","Erignathus barbatus",0,121,0,121,0,121,0,121,0,121,0,121
"133","Eumetopias jubatus",0,28,0,28,0,28,0,28,0,28,0,28
"134","Geomys breviceps",0,44,0,44,0,44,0,44,1,43,0,44
"135","Geomys bursarius",7,364,0,371,0,371,4,367,1,370,5,366
"136","Geomys lutescens",2,48,0,50,0,50,1,49,1,49,1,49
"137","Geomys pinetis",0,102,0,102,0,102,0,102,0,102,1,101
"138","Gerbilliscus (Taterona)",0,37,0,37,0,37,1,36,2,35,2,35
"139","Glaucomys sabrinus",11,573,0,584,0,584,10,574,3,581,14,570
"140","Glaucomys volans",1,49,0,50,0,50,1,49,0,50,0,50
"141","Glossophaga commissarisi",2,60,0,62,0,62,1,61,3,59,1,61
"142","Glossophaga glossophaga",0,12,0,12,0,12,0,12,0,12,0,12
"143","Glossophaga leachii",1,11,0,12,0,12,1,11,0,12,0,12
"144","Glossophaga soricina",1,153,0,154,1,153,3,151,3,151,4,150
"145","Grampus griseus",0,14,0,14,0,14,0,14,0,14,0,14
"146","Graomys domorum",0,26,0,26,0,26,0,26,1,25,0,26
"147","Graomys griseoflavus",0,47,0,47,0,47,1,46,1,46,1,46
"148","Gulo gulo",0,146,0,146,0,146,1,145,3,143,0,146
"149","Habromys lophurus",0,45,0,45,0,45,1,44,2,43,2,43
"150","Handleyomys melanotis",0,14,0,14,0,14,0,14,0,14,0,14
"151","Haplonycteris fischeri",2,116,0,118,4,114,1,117,2,116,2,116
"152","Harpyionycteris whiteheadi",0,24,0,24,0,24,1,23,0,24,0,24
"153","Heteromys (Heteromys)",0,21,0,21,0,21,0,21,0,21,0,21
"154","Heteromys anomalus",1,15,0,16,0,16,1,15,1,15,0,16
"155","Heteromys catopterius",0,17,0,17,0,17,2,15,1,16,1,16
"156","Heteromys desmarestianus",1,85,0,86,0,86,2,84,1,85,2,84
"157","Heteromys heteromys",0,13,0,13,0,13,0,13,0,13,1,12
"158","Hipposideros ater",0,36,0,36,0,36,1,35,1,35,2,34
"159","Hipposideros caffer",0,32,0,32,0,32,0,32,2,30,0,32
"160","Hipposideros cervinus",0,12,0,12,0,12,0,12,0,12,0,12
"161","Hipposideros diadema",3,147,0,150,2,148,1,149,0,150,3,147
"162","Hipposideros obscurus",1,12,0,13,0,13,0,13,0,13,0,13
"163","Hipposideros pygmaeus",1,11,0,12,0,12,1,11,0,12,0,12
"164","Histriophoca fasciata",0,144,0,144,0,144,0,144,0,144,3,141
"165","Hsunycteris thomasi",1,14,0,15,0,15,0,15,1,14,1,14
"166","Ictidomys tridecemlineatus",1,84,0,85,0,85,1,84,1,84,1,84
"167","Lagenorhynchus obliquidens",1,18,0,19,0,19,0,19,0,19,0,19
"168","Lasionycteris noctivagans",1,160,0,161,4,157,2,159,1,160,1,160
"169","Lasiurus (Lasiurus)",2,53,0,55,0,55,2,53,0,55,1,54
"170","Lasiurus borealis",2,105,0,107,1,106,1,106,1,106,2,105
"171","Lasiurus cinereus",2,80,0,82,0,82,2,80,1,81,3,79
"172","Lasiurus ega",0,10,0,10,0,10,0,10,0,10,0,10
"173","Lasiurus intermedius",0,19,0,19,0,19,1,18,0,19,0,19
"174","Lasiurus seminolus",0,22,0,22,0,22,0,22,1,21,0,22
"175","Lemmiscus curtatus",0,38,0,38,0,38,2,36,1,37,3,35
"176","Lemmus sibiricus",1,67,0,68,0,68,0,68,1,67,0,68
"177","Lemmus trimucronatus",14,449,0,463,0,463,11,452,5,458,2,461
"178","Lemniscomys striatus",0,20,0,20,0,20,1,19,0,20,0,20
"179","Leptonycteris curasoae",0,10,0,10,0,10,0,10,0,10,0,10
"180","Leptonycteris nivalis",1,27,0,28,0,28,1,27,1,27,0,28
"181","Leptonycteris yerbabuenae",0,15,0,15,0,15,0,15,0,15,0,15
"182","Lepus americanus",1,663,0,664,0,664,12,652,52,612,3,661
"183","Lepus californicus",0,93,0,93,0,93,3,90,2,91,0,93
"184","Lepus othus",0,96,0,96,0,96,3,93,2,94,3,93
"185","Lepus townsendii",2,94,0,96,0,96,2,94,1,95,1,95
"186","Liomys irroratus",0,23,0,23,0,23,1,22,1,22,1,22
"187","Liomys pictus",2,147,0,149,0,149,4,145,4,145,5,144
"188","Liomys salvini",0,32,0,32,0,32,0,32,0,32,1,31
"189","Lissodelphis borealis",0,16,0,16,0,16,0,16,0,16,0,16
"190","Lontra canadensis",1,57,0,58,0,58,1,57,0,58,6,52
"191","Loxodonta africana",1,118,0,119,0,119,0,119,0,119,0,119
"192","Loxodontomys micropus",0,19,0,19,0,19,0,19,0,19,0,19
"193","Lutra canadensis",0,51,0,51,0,51,1,50,0,51,1,50
"194","Lynx canadensis",0,14,0,14,0,14,0,14,0,14,0,14
"195","Lynx rufus",0,83,0,83,0,83,3,80,1,82,2,81
"196","Macroglossus minimus",1,98,0,99,1,98,2,97,2,97,2,97
"197","Macrotus californicus",2,24,0,26,0,26,0,26,1,25,1,25
"198","Macrotus waterhousii",1,16,0,17,0,17,0,17,1,16,1,16
"199","Marmosa mexicana",0,13,0,13,0,13,0,13,0,13,0,13
"200","Marmosa robinsoni",3,52,0,55,0,55,1,54,1,54,1,54
"201","Marmosops bishopi",0,10,0,10,0,10,0,10,0,10,0,10
"202","Marmosops noctivagus",0,36,0,36,0,36,1,35,1,35,0,36
"203","Marmota caligata",0,37,0,37,0,37,1,36,1,36,1,36
"204","Marmota flaviventris",3,228,0,231,0,231,8,223,0,231,5,226
"205","Marmota monax",0,108,0,108,0,108,1,107,2,106,2,106
"206","Martes americana",9,1321,0,1330,0,1330,7,1323,0,1330,14,1316
"207","Martes caurina",0,67,0,67,0,67,0,67,0,67,1,66
"208","Martes pennanti",1,54,0,55,0,55,0,55,0,55,1,54
"209","Mastomys natalensis",0,101,0,101,0,101,2,99,1,100,2,99
"210","Maxomys panglima",0,22,0,22,0,22,0,22,0,22,0,22
"211","Megaerops wetmorei",1,14,0,15,1,14,2,13,1,14,1,14
"212","Melanomys caliginosus",0,15,0,15,0,15,0,15,0,15,1,14
"213","Mephitis mephitis",1,81,0,82,0,82,2,80,0,82,0,82
"214","Mesophylla macconnelli",1,19,0,20,0,20,0,20,2,18,0,20
"215","Metachirus nudicaudatus",0,17,0,17,0,17,0,17,0,17,0,17
"216","Micaelamys namaquensis",0,21,0,21,0,21,0,21,0,21,1,20
"217","Micoureus regina",1,28,0,29,0,29,0,29,1,28,0,29
"218","Microdipodops megacephalus",0,75,0,75,0,75,2,73,0,75,2,73
"219","Microdipodops pallidus",0,16,0,16,0,16,1,15,0,16,1,15
"220","Micronycteris megalotis",0,15,0,15,0,15,1,14,1,14,0,15
"221","Microtus (Alexandromys)",0,19,0,19,0,19,2,17,0,19,0,19
"222","Microtus (Mynomes)",0,35,0,35,0,35,1,34,0,35,1,34
"223","Microtus abbreviatus",0,22,0,22,0,22,0,22,0,22,0,22
"224","Microtus agrestis",0,30,0,30,0,30,1,29,0,30,0,30
"225","Microtus breweri",3,273,0,276,0,276,8,268,4,272,4,272
"226","Microtus californicus",11,885,0,896,0,896,13,883,23,873,24,872
"227","Microtus canicaudus",0,11,0,11,0,11,0,11,0,11,0,11
"228","Microtus chrotorrhinus",0,97,0,97,0,97,1,96,1,96,2,95
"229","Microtus gregalis",0,13,0,13,0,13,0,13,0,13,0,13
"230","Microtus longicaudus",23,1662,0,1685,0,1685,20,1665,31,1654,17,1668
"231","Microtus mexicanus",1,56,0,57,0,57,1,56,2,55,1,56
"232","Microtus miurus",0,271,0,271,0,271,1,270,4,267,5,266
"233","Microtus montanus",4,786,0,790,0,790,20,770,15,775,21,769
"234","Microtus ochrogaster",9,866,0,875,0,875,17,858,19,856,9,866
"235","Microtus oeconomus",21,1476,0,1497,0,1497,2,1495,36,1461,0,1497
"236","Microtus oregoni",6,268,0,274,0,274,8,266,6,268,5,269
"237","Microtus pennsylvanicus",7,2143,0,2150,0,2150,42,2108,2,2148,0,2150
"238","Microtus pinetorum",1,141,0,142,0,142,1,141,1,141,0,142
"239","Microtus richardsoni",1,36,0,37,0,37,1,36,2,35,2,35
"240","Microtus townsendii",1,65,0,66,0,66,3,63,0,66,0,66
"241","Microtus xanthognathus",1,681,0,682,0,682,2,680,9,673,9,673
"242","Miniopterus australis",4,64,0,68,0,68,1,67,1,67,1,67
"243","Miniopterus inflatus",1,13,0,14,0,14,0,14,0,14,0,14
"244","Miniopterus schreibersii",14,143,0,157,1,156,2,155,2,155,0,157
"245","Molossops temminckii",0,24,0,24,2,22,0,24,1,23,0,24
"246","Molossus molossus",4,63,0,67,1,66,2,65,2,65,1,66
"247","Molossus rufus",0,12,0,12,0,12,0,12,0,12,0,12
"248","Monodelphis domestica",1,20,0,21,0,21,1,20,0,21,0,21
"249","Monophyllus redmani",1,22,0,23,0,23,0,23,0,23,0,23
"250","Mormoops megalophylla",1,28,0,29,0,29,0,29,0,29,1,28
"251","Mus (Mus)",0,63,0,63,0,63,2,61,2,61,0,63
"252","Mus (Nannomys)",0,12,0,12,0,12,0,12,0,12,0,12
"253","Mus musculus",2,438,0,440,0,440,27,413,24,416,27,413
"254","Mustela erminea",2,280,0,282,0,282,1,281,3,279,4,278
"255","Mustela frenata",0,163,0,163,0,163,3,160,2,161,5,158
"256","Mustela nivalis",0,57,0,57,0,57,0,57,2,55,0,57
"257","Mustela vison",2,132,0,134,0,134,2,132,5,129,3,131
"258","Myodes californicus",5,927,0,932,0,932,7,925,16,916,11,921
"259","Myodes gapperi",2,3354,0,3356,0,3356,12,3344,71,3285,38,3318
"260","Myodes glareolus",0,53,0,53,0,53,0,53,0,53,0,53
"261","Myodes rufocanus",1,225,0,226,0,226,4,222,3,223,0,226
"262","Myodes rutilus",86,3773,0,3859,0,3859,107,3752,56,3803,0,3859
"263","Myopus schisticolor",0,22,0,22,0,22,0,22,0,22,0,22
"264","Myotis albescens",0,14,0,14,0,14,0,14,0,14,0,14
"265","Myotis aurascens",0,14,0,14,1,13,0,14,0,14,0,14
"266","Myotis auriculus",0,15,0,15,0,15,0,15,1,14,0,15
"267","Myotis austroriparius",0,25,0,25,0,25,0,25,0,25,1,24
"268","Myotis californicus",5,285,0,290,0,290,10,280,4,286,14,276
"269","Myotis ciliolabrum",0,60,0,60,0,60,2,58,1,59,2,58
"270","Myotis evotis",1,142,0,143,0,143,4,139,6,137,3,140
"271","Myotis fortidens",1,34,0,35,0,35,1,34,1,34,0,35
"272","Myotis grisescens",1,46,0,47,1,46,1,46,0,47,0,47
"273","Myotis horsfieldii",0,17,0,17,0,17,0,17,0,17,1,16
"274","Myotis keaysi",0,16,0,16,0,16,0,16,0,16,1,15
"275","Myotis keenii",1,65,0,66,1,65,1,65,1,65,0,66
"276","Myotis leibii",1,30,0,31,0,31,1,30,1,30,0,31
"277","Myotis lucifugus",1,560,0,561,0,561,5,556,4,557,16,545
"278","Myotis macrotarsus",1,11,0,12,0,12,1,11,0,12,1,11
"279","Myotis nigricans",4,49,0,53,0,53,1,52,0,53,1,52
"280","Myotis sodalis",1,154,0,155,0,155,0,155,3,152,1,154
"281","Myotis thysanodes",2,35,0,37,0,37,1,36,0,37,2,35
"282","Myotis velifer",3,44,0,47,0,47,2,45,1,46,1,46
"283","Myotis volans",3,151,0,154,0,154,0,154,0,154,1,153
"284","Myotis yumanensis",13,221,0,234,1,233,2,232,6,228,7,227
"285","Napaeozapus insignis",1,156,0,157,0,157,4,153,1,156,1,156
"286","Natalus stramineus",0,18,0,18,0,18,1,17,1,17,1,17
"287","Neacomys tenuipes",0,10,0,10,0,10,0,10,0,10,0,10
"288","Neofiber alleni",0,15,0,15,0,15,0,15,1,14,0,15
"289","Neoromicia capensis",0,17,0,17,0,17,0,17,0,17,0,17
"290","Neoromicia nanus",0,28,0,28,0,28,0,28,1,27,0,28
"291","Neotamias townsendii",0,57,0,57,0,57,0,57,0,57,1,56
"292","Neotetracus sinensis",0,10,0,10,0,10,0,10,0,10,0,10
"293","Neotoma (Neotoma)",0,313,0,313,0,313,6,307,7,306,7,306
"294","Neotoma albigula",0,89,0,89,0,89,1,88,0,89,0,89
"295","Neotoma cinerea",1,227,0,228,0,228,1,227,2,226,8,220
"296","Neotoma floridana",0,94,0,94,0,94,1,93,1,93,3,91
"297","Neotoma fuscipes",0,64,0,64,0,64,1,63,1,63,2,62
"298","Neotoma lepida",2,110,0,112,0,112,2,110,3,109,3,109
"299","Neotoma leucodon",0,33,0,33,0,33,0,33,0,33,0,33
"300","Neotoma mexicana",2,197,0,199,0,199,2,197,4,195,2,197
"301","Neotoma micropus",1,44,0,45,0,45,1,44,1,44,2,43
"302","Neovison vison",1,473,0,474,0,474,6,468,2,472,8,466
"303","Neurotrichus gibbsii",1,447,0,448,0,448,6,442,5,443,6,442
"304","Niviventer confucianus",0,11,0,11,0,11,1,10,0,11,0,11
"305","Noctilio albiventris",0,15,0,15,0,15,0,15,0,15,0,15
"306","Noctilio leporinus",0,28,0,28,0,28,0,28,0,28,1,27
"307","Notiosorex crawfordi",2,31,0,33,0,33,0,33,0,33,0,33
"308","Nycteris thebaica",0,17,0,17,0,17,0,17,1,16,0,17
"309","Nycticeius humeralis",0,32,0,32,1,31,0,32,0,32,0,32
"310","Nyctinomops femorosaccus",1,21,0,22,0,22,0,22,0,22,1,21
"311","Nyctinomops macrotis",0,71,0,71,0,71,1,70,0,71,2,69
"312","Nyctomys sumichrasti",0,26,0,26,0,26,0,26,0,26,1,25
"313","Nyctophilus arnhemensis",0,14,0,14,0,14,0,14,1,13,0,14
"314","Nyctophilus gouldi",0,11,0,11,0,11,0,11,0,11,0,11
"315","Nyctophilus walkeri",0,15,0,15,0,15,0,15,0,15,0,15
"316","Ochotona collaris",2,86,0,88,0,88,1,87,3,85,1,87
"317","Ochotona hyperborea",0,25,0,25,0,25,0,25,1,24,0,25
"318","Ochotona princeps",0,180,0,180,0,180,2,178,4,176,1,179
"319","Ochrotomys nuttalli",0,55,0,55,0,55,0,55,1,54,1,54
"320","Odobenus rosmarus",0,53,0,53,0,53,0,53,0,53,0,53
"321","Odocoileus virginianus",0,230,0,230,0,230,0,230,0,230,0,230
"322","Oecomys bicolor",0,36,0,36,0,36,0,36,1,35,0,36
"323","Oligoryzomys chacoensis",0,42,0,42,0,42,0,42,1,41,0,42
"324","Oligoryzomys destructor",1,47,0,48,0,48,1,47,1,47,0,48
"325","Oligoryzomys flavescens",1,43,0,44,0,44,1,43,1,43,1,43
"326","Oligoryzomys fulvescens",0,26,0,26,0,26,0,26,1,25,0,26
"327","Oligoryzomys longicaudatus",1,309,0,310,0,310,0,310,1,309,6,304
"328","Oligoryzomys microtis",1,192,0,193,0,193,6,187,7,186,5,188
"329","Oligoryzomys vegetus",1,14,0,15,0,15,0,15,0,15,0,15
"330","Ondatra zibethicus",0,374,0,374,0,374,8,366,6,368,9,365
"331","Onychomys leucogaster",0,267,0,267,0,267,4,263,2,265,6,261
"332","Onychomys torridus",0,142,0,142,0,142,2,140,4,138,0,142
"333","Oryctolagus cuniculus",0,20,0,20,0,20,0,20,0,20,0,20
"334","Oryzomys albigularis",1,37,0,38,0,38,2,36,2,36,1,37
"335","Oryzomys alfaroi",0,21,0,21,0,21,0,21,0,21,0,21
"336","Oryzomys bolivaris",0,14,0,14,0,14,0,14,0,14,1,13
"337","Oryzomys couesi",0,43,0,43,0,43,1,42,1,42,1,42
"338","Oryzomys levipes",0,29,0,29,0,29,1,28,0,29,1,28
"339","Oryzomys megacephalus",0,45,0,45,0,45,1,44,1,44,1,44
"340","Oryzomys melanotis",0,11,0,11,0,11,0,11,1,10,0,11
"341","Oryzomys mexicanus",2,53,0,55,0,55,2,53,1,54,1,54
"342","Oryzomys nitidus",0,87,0,87,0,87,1,86,3,84,1,86
"343","Oryzomys oryzomys",0,14,0,14,0,14,0,14,1,13,1,13
"344","Oryzomys palustris",0,83,0,83,0,83,1,82,0,83,1,82
"345","Oryzomys perenensis",2,101,0,103,0,103,3,100,4,99,3,100
"346","Oryzomys saturatior",1,50,0,51,0,51,1,50,3,48,0,51
"347","Osgoodomys banderanus",2,66,0,68,0,68,2,66,0,68,2,66
"348","Ototylomys phyllotis",0,14,0,14,0,14,1,13,1,13,1,13
"349","Ovis canadensis",0,24,0,24,0,24,2,22,1,23,1,23
"350","Ovis dalli",0,18,0,18,0,18,0,18,0,18,0,18
"351","Paramelomys mollis",0,11,0,11,0,11,0,11,0,11,1,10
"352","Paramelomys rubex",0,52,0,52,0,52,2,50,2,50,2,50
"353","Parascalops breweri",0,23,0,23,0,23,1,22,0,23,1,22
"354","Perimyotis subflavus",1,36,0,37,0,37,1,36,0,37,2,35
"355","Perognathus flavescens",0,59,0,59,0,59,0,59,1,58,1,58
"356","Perognathus flavus",0,141,0,141,0,141,1,140,1,140,4,137
"357","Perognathus longimembris",1,186,0,187,0,187,3,184,4,183,5,182
"358","Perognathus parvus",1,220,0,221,0,221,3,218,1,220,4,217
"359","Peromyscus attwateri",1,33,0,34,0,34,1,33,1,33,0,34
"360","Peromyscus aztecus",1,54,0,55,0,55,2,53,0,55,1,54
"361","Peromyscus boylii",8,554,0,562,0,562,2,560,2,560,2,560
"362","Peromyscus californicus",0,131,0,131,0,131,1,130,1,130,2,129
"363","Peromyscus crinitus",1,362,0,363,0,363,1,362,1,362,7,356
"364","Peromyscus difficilis",0,23,0,23,0,23,1,22,0,23,1,22
"365","Peromyscus eremicus",1,342,0,343,0,343,6,337,7,336,1,342
"366","Peromyscus gossypinus",2,204,0,206,0,206,1,205,1,205,2,204
"367","Peromyscus grandis",3,188,0,191,0,191,5,186,3,188,5,186
"368","Peromyscus guatemalensis",0,141,0,141,0,141,2,139,1,140,3,138
"369","Peromyscus gymnotis",0,19,0,19,0,19,0,19,0,19,0,19
"370","Peromyscus keeni",71,4590,0,4661,0,4661,11,4650,32,4629,0,4661
"371","Peromyscus leucopus",13,1875,0,1888,0,1888,25,1863,4,1884,19,1869
"372","Peromyscus levipes",0,23,0,23,0,23,0,23,0,23,1,22
"373","Peromyscus maniculatus",2,8859,0,8861,0,8861,21,8840,38,8823,163,8698
"374","Peromyscus melanocarpus",0,29,0,29,0,29,0,29,0,29,0,29
"375","Peromyscus mexicanus",1,46,0,47,0,47,1,46,1,46,0,47
"376","Peromyscus nasutus",1,148,0,149,0,149,2,147,4,145,4,145
"377","Peromyscus nudipes",6,263,0,269,0,269,2,267,7,262,3,266
"378","Peromyscus peromyscus",2,64,0,66,0,66,1,65,1,65,1,65
"379","Peromyscus polionotus",2,199,0,201,0,201,2,199,1,200,2,199
"380","Peromyscus truei",5,658,0,663,0,663,14,649,17,646,11,652
"381","Peromyscus zarhynchus",0,14,0,14,0,14,0,14,0,14,0,14
"382","Petromyscus collinus",0,13,0,13,0,13,0,13,0,13,0,13
"383","Phenacomys intermedius",3,402,0,405,0,405,9,396,5,400,7,398
"384","Philander opossum",0,17,0,17,0,17,0,17,0,17,0,17
"385","Phoca largha",0,234,0,234,0,234,0,234,0,234,1,233
"386","Phoca vitulina",0,324,0,324,0,324,0,324,0,324,3,321
"387","Phocoena phocoena",1,25,0,26,0,26,0,26,0,26,0,26
"388","Phyllostomus discolor",0,26,0,26,0,26,1,25,0,26,0,26
"389","Phyllostomus elongatus",0,20,0,20,0,20,0,20,0,20,0,20
"390","Phyllostomus hastatus",0,27,0,27,0,27,1,26,0,27,0,27
"391","Phyllotis darwini",0,10,0,10,0,10,0,10,1,9,0,10
"392","Phyllotis osilae",0,13,0,13,0,13,0,13,0,13,0,13
"393","Phyllotis xanthopygus",0,62,0,62,0,62,1,61,1,61,0,62
"394","Pipistrellus (Pipistrellus)",2,44,0,46,2,44,0,46,0,46,2,44
"395","Pipistrellus subflavus",1,93,0,94,1,93,0,94,0,94,2,92
"396","Platyrrhinus brachycephalus",0,13,0,13,0,13,0,13,0,13,0,13
"397","Platyrrhinus helleri",0,43,0,43,0,43,1,42,0,43,0,43
"398","Plecotus townsendii",0,30,0,30,0,30,0,30,1,29,1,29
"399","Podomys floridanus",2,52,0,54,0,54,1,53,1,53,2,52
"400","Procyon lotor",0,94,0,94,0,94,3,91,3,91,0,94
"401","Proechimys brevicauda",0,26,0,26,0,26,1,25,0,26,0,26
"402","Proechimys quadruplicatus",0,10,0,10,0,10,0,10,0,10,0,10
"403","Proechimys simonsi",0,13,0,13,0,13,0,13,0,13,0,13
"404","Proechimys steerei",0,27,0,27,0,27,0,27,1,26,0,27
"405","Psammomys obesus",0,14,0,14,0,14,0,14,0,14,0,14
"406","Ptenochirus jagori",3,141,0,144,1,143,4,140,5,139,3,141
"407","Ptenochirus minor",1,25,0,26,1,25,1,25,1,25,1,25
"408","Pteronotus (Phyllodia)",0,14,0,14,0,14,0,14,0,14,0,14
"409","Pteronotus davyi",1,41,0,42,0,42,2,40,1,41,2,40
"410","Pteronotus parnellii",0,37,0,37,0,37,1,36,2,35,1,36
"411","Pteronotus personatus",0,36,0,36,0,36,1,35,1,35,1,35
"412","Pteronotus rubiginosus",1,30,0,31,0,31,0,31,1,30,0,31
"413","Pteropus pumilus",0,11,0,11,0,11,0,11,1,10,0,11
"414","Puma concolor",37,7841,0,7878,0,7878,1,7877,0,7878,0,7878
"415","Rattus everetti",1,34,0,35,0,35,0,35,0,35,1,34
"416","Rattus exulans",1,110,0,111,0,111,3,108,3,108,3,108
"417","Rattus fuscipes",0,16,0,16,0,16,0,16,0,16,0,16
"418","Rattus leucopus",0,24,0,24,0,24,0,24,0,24,0,24
"419","Rattus niobe",0,34,0,34,0,34,0,34,1,33,1,33
"420","Rattus norvegicus",2,160,0,162,0,162,2,160,3,159,2,160
"421","Rattus rattus",2,85,0,87,0,87,2,85,1,86,2,85
"422","Rattus tanezumi",3,123,0,126,0,126,2,124,3,123,1,125
"423","Rattus tiomanicus",0,10,0,10,0,10,0,10,0,10,1,9
"424","Reithrodontomys (Reithrodontomys)",0,256,0,256,0,256,2,254,4,252,4,252
"425","Reithrodontomys creper",0,34,0,34,0,34,1,33,2,32,2,32
"426","Reithrodontomys fulvescens",2,71,0,73,0,73,2,71,1,72,2,71
"427","Reithrodontomys gracilis",0,26,0,26,0,26,0,26,1,25,0,26
"428","Reithrodontomys megalotis",14,388,0,402,0,402,9,393,4,398,8,394
"429","Reithrodontomys mexicanus",0,16,0,16,0,16,0,16,0,16,0,16
"430","Reithrodontomys montanus",0,30,0,30,0,30,1,29,0,30,0,30
"431","Reithrodontomys reithrodontomys",1,73,0,74,0,74,3,71,1,73,1,73
"432","Reithrodontomys sumichrasti",0,30,0,30,0,30,0,30,0,30,0,30
"433","Rhabdomys pumilio",0,10,0,10,0,10,0,10,0,10,0,10
"434","Rhinolophus arcuatus",2,150,0,152,2,150,5,147,0,152,1,151
"435","Rhinolophus inops",1,29,0,30,0,30,1,29,0,30,0,30
"436","Rhinolophus philippinensis",0,15,0,15,0,15,0,15,0,15,0,15
"437","Rhinolophus subrufus",1,29,0,30,1,29,0,30,1,29,1,29
"438","Rhinolophus virgo",3,75,0,78,0,78,0,78,1,77,1,77
"439","Rhinonicteris aurantia",0,14,0,14,0,14,0,14,0,14,0,14
"440","Rhinophylla fischerae",0,10,0,10,0,10,0,10,1,9,0,10
"441","Rhinophylla pumilio",1,52,0,53,0,53,0,53,1,52,0,53
"442","Rhipidomys venezuelae",0,11,0,11,0,11,1,10,0,11,0,11
"443","Rhogeessa tumida",0,17,0,17,0,17,1,16,0,17,0,17
"444","Rhynchonycteris naso",0,13,0,13,0,13,1,12,0,13,0,13
"445","Rousettus amplexicaudatus",1,165,0,166,1,165,1,165,3,163,0,166
"446","Saccopteryx bilineata",1,69,0,70,0,70,2,68,1,69,1,69
"447","Scalopus aquaticus",1,133,0,134,0,134,2,132,0,134,1,133
"448","Scapanus latimanus",0,31,0,31,0,31,1,30,0,31,1,30
"449","Scapanus orarius",1,140,0,141,0,141,1,140,1,140,1,140
"450","Scapanus townsendii",1,49,0,50,0,50,0,50,0,50,1,49
"451","Sciurus (Sciurus)",0,18,0,18,0,18,1,17,1,17,1,17
"452","Sciurus aberti",1,55,0,56,0,56,0,56,0,56,0,56
"453","Sciurus carolinensis",5,224,0,229,0,229,2,227,2,227,4,225
"454","Sciurus griseus",1,35,0,36,0,36,1,35,2,34,1,35
"455","Sciurus niger",2,242,0,244,0,244,7,237,0,244,13,231
"456","Sciurus variegatoides",1,48,0,49,0,49,3,46,1,48,2,47
"457","Scotinomys teguina",1,100,0,101,0,101,4,97,5,96,1,100
"458","Scotophilus kuhlii",0,18,0,18,0,18,1,17,0,18,0,18
"459","Scotorepens greyii",0,30,0,30,0,30,0,30,1,29,1,29
"460","Sigmodon (Sigmodon)",0,19,0,19,0,19,0,19,0,19,1,18
"461","Sigmodon mascotensis",0,44,0,44,0,44,0,44,2,42,0,44
"462","Sorex (Otisorex)",2,287,0,289,0,289,10,279,4,285,14,275
"463","Sorex (Sorex)",0,10,0,10,0,10,0,10,0,10,0,10
"464","Sorex araneus",0,63,0,63,0,63,0,63,0,63,0,63
"465","Sorex bairdi",1,139,0,140,0,140,1,139,8,132,2,138
"466","Sorex bendirii",1,182,0,183,0,183,6,177,3,180,3,180
"467","Sorex caecutiens",2,86,0,88,0,88,1,87,0,88,0,88
"468","Sorex cinereus",43,6175,0,6218,0,6218,188,6030,6,6212,0,6218
"469","Sorex fumeus",2,82,0,84,0,84,1,83,0,84,1,83
"470","Sorex haydeni",1,85,0,86,0,86,1,85,2,84,3,83
"471","Sorex hoyi",1,253,0,254,0,254,5,249,1,253,8,246
"472","Sorex isodon",1,19,0,20,0,20,0,20,0,20,1,19
"473","Sorex ixtlanensis",0,10,0,10,0,10,0,10,0,10,0,10
"474","Sorex jacksoni",2,31,0,33,0,33,0,33,0,33,0,33
"475","Sorex longirostris",2,68,0,70,0,70,3,67,0,70,2,68
"476","Sorex merriami",1,11,0,12,0,12,1,11,1,11,1,11
"477","Sorex monticolus",8,3295,0,3303,0,3303,69,3234,19,3284,0,3303
"478","Sorex nanus",0,26,0,26,0,26,0,26,0,26,0,26
"479","Sorex pacificus",11,1175,0,1186,0,1186,34,1152,29,1157,27,1159
"480","Sorex palustris",3,159,0,162,0,162,1,161,1,161,3,159
"481","Sorex preblei",0,39,0,39,0,39,1,38,1,38,0,39
"482","Sorex pribilofensis",0,15,0,15,0,15,0,15,0,15,0,15
"483","Sorex rohweri",0,14,0,14,0,14,1,13,0,14,0,14
"484","Sorex saussurei",0,11,0,11,0,11,0,11,0,11,0,11
"485","Sorex sonomae",17,710,0,727,0,727,7,720,14,713,11,716
"486","Sorex trowbridgii",5,2382,0,2387,0,2387,40,2347,31,2356,35,2352
"487","Sorex tundrensis",0,168,0,168,0,168,2,166,1,167,0,168
"488","Sorex ugyunak",2,51,0,53,0,53,1,52,0,53,2,51
"489","Sorex vagrans",46,3722,0,3768,0,3768,78,3690,64,3704,75,3693
"490","Sorex veraepacis",0,21,0,21,0,21,0,21,0,21,1,20
"491","Spermophilus beecheyi",3,314,0,317,0,317,3,314,2,315,1,316
"492","Spermophilus beldingi",2,158,0,160,0,160,4,156,3,157,3,157
"493","Spermophilus columbianus",1,400,0,401,0,401,4,397,7,394,4,397
"494","Spermophilus elegans",0,75,0,75,0,75,2,73,0,75,3,72
"495","Spermophilus lateralis",0,250,0,250,0,250,0,250,0,250,4,246
"496","Spermophilus parryii",0,71,0,71,0,71,2,69,3,68,0,71
"497","Spermophilus saturatus",0,30,0,30,0,30,1,29,0,30,1,29
"498","Spermophilus tridecemlineatus",1,161,0,162,0,162,2,160,2,160,2,160
"499","Spermophilus washingtoni",2,81,0,83,0,83,2,81,3,80,1,82
"500","Spilogale putorius",0,25,0,25,0,25,1,24,0,25,0,25
"501","Stenella attenuata",2,69,0,71,0,71,0,71,0,71,0,71
"502","Sturnira (Sturnira)",0,25,0,25,0,25,0,25,0,25,0,25
"503","Sturnira erythromos",0,17,0,17,0,17,0,17,0,17,0,17
"504","Sturnira lilium",9,174,0,183,3,180,4,179,1,182,0,183
"505","Sturnira ludovici",1,65,0,66,0,66,1,65,1,65,0,66
"506","Sturnira oporaphilum",1,10,0,11,0,11,0,11,0,11,0,11
"507","Sturnira sturnira",1,30,0,31,0,31,1,30,1,30,0,31
"508","Sturnira tildae",1,20,0,21,0,21,1,20,1,20,0,21
"509","Suncus murinus",0,28,0,28,0,28,2,26,1,27,0,28
"510","Syconycteris australis",0,57,0,57,0,57,1,56,0,57,0,57
"511","Sylvilagus (Sylvilagus)",0,11,0,11,0,11,0,11,0,11,0,11
"512","Sylvilagus audubonii",4,197,0,201,0,201,0,201,0,201,3,198
"513","Sylvilagus floridanus",10,205,0,215,0,215,8,207,9,206,5,210
"514","Sylvilagus nuttallii",0,80,0,80,0,80,1,79,1,79,0,80
"515","Synaptomys borealis",3,173,0,176,0,176,4,172,1,175,0,176
"516","Synaptomys cooperi",2,81,0,83,0,83,2,81,1,82,1,82
"517","Tadarida aegyptiaca",0,15,0,15,0,15,1,14,1,14,0,15
"518","Tadarida brasiliensis",0,169,0,169,4,165,1,168,2,167,0,169
"519","Tamias (Neotamias)",0,77,0,77,0,77,0,77,1,76,2,75
"520","Tamias amoenus",12,517,0,529,0,529,5,524,10,519,10,519
"521","Tamias dorsalis",2,83,0,85,0,85,3,82,0,85,2,83
"522","Tamias merriami",0,29,0,29,0,29,0,29,0,29,0,29
"523","Tamias minimus",1,1232,0,1233,0,1233,13,1220,4,1229,27,1206
"524","Tamias quadrivittatus",4,168,0,172,0,172,2,170,1,171,3,169
"525","Tamias ruficaudus",9,249,0,258,0,258,10,248,4,254,10,248
"526","Tamias rufus",3,196,0,199,0,199,2,197,3,196,6,193
"527","Tamias senex",0,41,0,41,0,41,2,39,1,40,1,40
"528","Tamias sibiricus",1,40,0,41,0,41,2,39,1,40,0,41
"529","Tamias siskiyou",1,50,0,51,0,51,1,50,1,50,2,49
"530","Tamias striatus",9,275,0,284,0,284,4,280,2,282,7,277
"531","Tamias townsendii",2,151,0,153,0,153,2,151,2,151,1,152
"532","Tamias umbrinus",0,125,0,125,0,125,7,118,5,120,2,123
"533","Tamiasciurus douglasii",2,269,0,271,0,271,4,267,4,267,5,266
"534","Tamiasciurus hudsonicus",17,1005,0,1022,0,1022,17,1005,2,1020,6,1016
"535","Taxidea taxus",0,41,0,41,0,41,0,41,1,40,1,40
"536","Thomomys (Megascapheus)",0,247,0,247,0,247,2,245,6,241,4,243
"537","Thomomys (Thomomys)",0,11,0,11,0,11,0,11,0,11,1,10
"538","Thomomys bottae",1,223,0,224,0,224,1,223,1,223,2,222
"539","Thomomys bulbivorus",4,223,0,227,0,227,2,225,3,224,6,221
"540","Thomomys mazama",3,85,0,88,0,88,1,87,3,85,0,88
"541","Thomomys talpoides",8,673,0,681,0,681,7,674,6,675,1,680
"542","Thomomys umbrinus",0,20,0,20,0,20,0,20,0,20,0,20
"543","Tonatia silvicola",0,18,0,18,0,18,0,18,0,18,1,17
"544","Trachops cirrhosus",1,17,0,18,0,18,0,18,0,18,0,18
"545","Trichechus manatus",0,14,0,14,0,14,0,14,0,14,0,14
"546","Tursiops truncatus",0,33,0,33,0,33,0,33,0,33,0,33
"547","Tylomys watsoni",0,12,0,12,0,12,0,12,0,12,0,12
"548","Urocitellus armatus",1,61,0,62,0,62,0,62,1,61,0,62
"549","Urocitellus columbianus",3,180,0,183,0,183,2,181,1,182,4,179
"550","Urocitellus elegans",7,230,0,237,0,237,6,231,3,234,8,229
"551","Urocitellus parryii",2,178,0,180,0,180,3,177,1,179,3,177
"552","Urocitellus richardsonii",7,463,0,470,0,470,7,463,2,468,8,462
"553","Urocyon cinereoargenteus",1,47,0,48,0,48,1,47,1,47,2,46
"554","Uroderma bilobatum",0,83,0,83,0,83,2,81,1,82,0,83
"555","Ursus americanus",0,39,0,39,0,39,1,38,0,39,0,39
"556","Vampyressa bidens",1,12,0,13,0,13,0,13,0,13,0,13
"557","Vampyressa pusilla",0,10,0,10,0,10,0,10,0,10,0,10
"558","Vulpes lagopus",0,27,0,27,0,27,2,25,2,25,1,26
"559","Vulpes macrotis",2,47,0,49,0,49,0,49,2,47,2,47
"560","Vulpes velox",0,26,0,26,0,26,1,25,0,26,0,26
"561","Vulpes vulpes",0,261,0,261,0,261,1,260,3,258,3,258
"562","Zalophus californianus",1,257,0,258,0,258,0,258,0,258,0,258
"563","Zapus hudsonius",7,287,0,294,0,294,7,287,2,292,7,287
"564","Zapus princeps",1,660,0,661,0,661,14,647,5,656,8,653
"565","Zapus trinotatus",3,200,0,203,0,203,5,198,6,197,1,202
